-3.188430786132812500e+00
-1.934915184974670410e+00
6.226904392242431641e-01
1.109360694885253906e+00
-5.059162378311157227e-01
1.864234209060668945e+00
-2.279529333114624023e+00
2.842042207717895508e+00
1.992843031883239746e+00
5.209581375122070312e+00
-3.635130405426025391e+00
-3.363993644714355469e+00
7.032073736190795898e-01
-3.490257740020751953e+00
-6.942322850227355957e-01
-2.033380985260009766e+00
3.653185606002807617e+00
-1.287211060523986816e+00
4.115670680999755859e+00
-8.537215739488601685e-02
1.625676631927490234e+00
3.663839101791381836e+00
-2.426790475845336914e+00
3.173905611038208008e+00
3.664736032485961914e+00
-1.148684144020080566e+00
1.884404063224792480e+00
-1.054444313049316406e+00
-4.237116813659667969e+00
-3.490775346755981445e+00
3.197974205017089844e+00
2.947968721389770508e+00
-6.312456130981445312e-01
-8.413452506065368652e-01
-3.057179212570190430e+00
-1.491446495056152344e+00
1.790545940399169922e+00
3.740272045135498047e+00
-9.661068320274353027e-01
-9.318669438362121582e-01
2.468701362609863281e+00
2.057202816009521484e+00
-2.150121688842773438e+00
-9.813754558563232422e-01
7.812296152114868164e-01
4.833661615848541260e-01
2.789437532424926758e+00
2.029958009719848633e+00
-2.579976320266723633e-01
9.634893536567687988e-01
7.434878349304199219e-01
5.725273489952087402e-01
-1.272897005081176758e+00
-2.859499692916870117e+00
-6.462089419364929199e-01
-1.497541308403015137e+00
-5.507727861404418945e-01
-1.380398988723754883e+00
-3.529745101928710938e+00
-1.065773606300354004e+00
-1.858221530914306641e+00
1.920087099075317383e+00
-2.399574041366577148e+00
1.953964710235595703e+00
2.489591598510742188e+00
6.496232151985168457e-01
-2.283255338668823242e+00
-1.403977990150451660e+00
3.316186070442199707e-01
2.137652397155761719e+00
-1.608859747648239136e-01
-3.176357507705688477e+00
-2.796368896961212158e-01
2.253926992416381836e+00
1.856037378311157227e+00
-3.738064289093017578e+00
-1.213896393775939941e+00
-1.979384183883666992e+00
8.328053951263427734e-01
-3.280381202697753906e+00
