-1.299287751317024231e-02
2.041708230972290039e+00
3.347732722759246826e-01
-1.368729472160339355e+00
1.371061205863952637e+00
2.996935367584228516e+00
-1.083686828613281250e+00
-2.384926825761795044e-01
-1.055662631988525391e+00
-5.787109732627868652e-01
2.948794126510620117e+00
4.869019240140914917e-02
-2.884979248046875000e+00
-3.483289003372192383e+00
-2.800791978836059570e+00
1.721737682819366455e-01
1.960057258605957031e+00
-3.232144832611083984e+00
2.146414041519165039e+00
-3.701152324676513672e+00
-3.688980102539062500e+00
1.819580912590026855e+00
-4.469622969627380371e-01
5.104559421539306641e+00
2.078317642211914062e+00
-5.865844488143920898e-01
-3.453398942947387695e+00
-8.538803458213806152e-01
-2.125394105911254883e+00
-1.168997406959533691e+00
-1.950143456459045410e+00
-3.575003147125244141e+00
-4.604049772024154663e-02
-1.725605130195617676e-01
4.019455909729003906e-01
1.244933158159255981e-01
-4.118870735168457031e+00
-1.513998508453369141e+00
-1.260269284248352051e+00
9.784299731254577637e-01
