-4.544452428817749023e-01 -1.954429894685745239e-01
6.659055948257446289e-01 2.399425953626632690e-01
1.422334164381027222e-01 3.533244729042053223e-01
6.523794680833816528e-02 -3.158446550369262695e-01
1.478135585784912109e-01 5.235698819160461426e-01
-1.307403435930609703e-03 -2.231975793838500977e-01
-1.211661219596862793e+00 -1.423704981803894043e+00
-1.130210518836975098e+00 -8.604910969734191895e-01
-3.209011852741241455e-01 -6.467155814170837402e-01
-7.630499452352523804e-02 -4.755820930004119873e-01
2.653038799762725830e-01 6.449263691902160645e-01
-4.952653869986534119e-02 1.268288195133209229e-01
3.523463606834411621e-01 8.185378462076187134e-02
-2.266817390918731689e-01 -5.223387479782104492e-01
-1.148191809654235840e+00 -1.472836375236511230e+00
-4.678117036819458008e-01 -6.819452643394470215e-01
-8.832448720932006836e-02 -5.022837519645690918e-01
-2.223006486892700195e-01 -5.479245185852050781e-01
-2.530730962753295898e-01 1.994665265083312988e-01
-2.022603601217269897e-01 -6.445500850677490234e-01
-7.884003221988677979e-02 -4.161678850650787354e-01
-1.144014120101928711e+00 -8.473387360572814941e-01
8.418615460395812988e-01 4.355833530426025391e-01
1.352535963058471680e+00 1.731623888015747070e+00
-7.674979567527770996e-01 -4.885145127773284912e-01
-8.961160778999328613e-01 -6.431950926780700684e-01
-8.915401697158813477e-01 -1.438975572586059570e+00
1.359678864479064941e+00 9.267383813858032227e-01
2.188062816858291626e-01 4.497865438461303711e-01
-8.296907544136047363e-01 -5.741326212882995605e-01
-3.895017802715301514e-01 -6.877162456512451172e-01
-4.442939162254333496e-01 -7.773723006248474121e-01
1.020457506179809570e+00 1.267121791839599609e+00
-4.626274108886718750e-01 -1.023498699069023132e-01
5.785238742828369141e-02 3.913201391696929932e-01
-4.270033538341522217e-01 -1.518961787223815918e-01
1.472766876220703125e+00 9.915753006935119629e-01
-2.027504593133926392e-01 -5.051747560501098633e-01
-7.927552610635757446e-02 2.305362373590469360e-01
3.190584480762481689e-02 -2.090624123811721802e-01
