0.572265625 0.518950343132019 687.0 13885.0 15114.0 762.0
0.947265625 0.9398318529129028 173.0 556.0 28443.0 1276.0
0.953125 0.9368431568145752 229.0 703.0 28296.0 1220.0
0.953125 0.9346098303794861 260.0 802.0 28197.0 1189.0
0.947265625 0.9390764832496643 282.0 688.0 28311.0 1167.0
0.947265625 0.939306378364563 255.0 654.0 28345.0 1194.0
0.93359375 0.9379269480705261 336.0 777.0 28222.0 1113.0
0.94140625 0.9344456195831299 354.0 901.0 28098.0 1095.0
0.947265625 0.9324750304222107 415.0 1022.0 27977.0 1034.0
0.91796875 0.9345769882202148 446.0 989.0 28010.0 1003.0
0.935546875 0.9329676628112793 416.0 1008.0 27991.0 1033.0
0.9375 0.9378284215927124 472.0 916.0 28083.0 977.0
0.943359375 0.9344127774238586 505.0 1053.0 27946.0 944.0
0.921875 0.931292712688446 462.0 1105.0 27894.0 987.0
0.94140625 0.9345441460609436 484.0 1028.0 27971.0 965.0
0.947265625 0.9353980422019958 490.0 1008.0 27991.0 959.0
0.94921875 0.9369745254516602 495.0 965.0 28034.0 954.0
0.943359375 0.9375 449.0 903.0 28096.0 1000.0
0.94140625 0.936810314655304 464.0 939.0 28060.0 985.0
0.955078125 0.9391421675682068 467.0 871.0 28128.0 982.0
0.943359375 0.9354308843612671 479.0 996.0 28003.0 970.0
0.94921875 0.9362519979476929 552.0 1044.0 27955.0 897.0
0.939453125 0.9375656843185425 540.0 992.0 28007.0 909.0
0.94921875 0.9427877068519592 530.0 823.0 28176.0 919.0
0.931640625 0.940127432346344 546.0 920.0 28079.0 903.0
0.953125 0.9377298951148987 561.0 1008.0 27991.0 888.0
0.947265625 0.9351024627685547 588.0 1115.0 27884.0 861.0
0.9453125 0.936547577381134 566.0 1049.0 27950.0 883.0
0.951171875 0.9383867383003235 594.0 1021.0 27978.0 855.0
0.9375 0.9367117881774902 605.0 1083.0 27916.0 844.0
0.943359375 0.9392406940460205 576.0 977.0 28022.0 873.0
0.94921875 0.9405872225761414 612.0 972.0 28027.0 837.0
0.943359375 0.9386823177337646 617.0 1035.0 27964.0 832.0
0.94921875 0.9417039155960083 621.0 947.0 28052.0 828.0
0.9375 0.9379269480705261 621.0 1062.0 27937.0 828.0
0.95703125 0.9375328421592712 563.0 1016.0 27983.0 886.0
0.9453125 0.9404558539390564 612.0 976.0 28023.0 837.0
0.935546875 0.9406857490539551 611.0 968.0 28031.0 838.0
0.955078125 0.9407842755317688 596.0 950.0 28049.0 853.0
0.947265625 0.9438058137893677 579.0 841.0 28158.0 870.0
0.935546875 0.9378612637519836 608.0 1051.0 27948.0 841.0
0.955078125 0.9415068030357361 641.0 973.0 28026.0 808.0
0.958984375 0.9392735362052917 643.0 1043.0 27956.0 806.0
0.94140625 0.9409813284873962 607.0 955.0 28044.0 842.0
0.9453125 0.9371058940887451 600.0 1066.0 27933.0 849.0
0.94140625 0.9398975372314453 584.0 965.0 28034.0 865.0
0.9609375 0.9416710138320923 604.0 931.0 28068.0 845.0
0.9453125 0.9385181069374084 664.0 1087.0 27912.0 785.0
0.947265625 0.9400617480278015 613.0 989.0 28010.0 836.0
0.943359375 0.9424592852592468 604.0 907.0 28092.0 845.0
0.943359375 0.9390107989311218 652.0 1060.0 27939.0 797.0
0.939453125 0.9435430765151978 640.0 910.0 28089.0 809.0
0.94921875 0.9382553696632385 673.0 1104.0 27895.0 776.0
0.9609375 0.9449881911277771 669.0 895.0 28104.0 780.0
0.943359375 0.94081711769104 648.0 1001.0 27998.0 801.0
0.955078125 0.9379597902297974 629.0 1069.0 27930.0 820.0
0.9609375 0.9374343156814575 632.0 1088.0 27911.0 817.0
0.943359375 0.939437747001648 648.0 1043.0 27956.0 801.0
0.951171875 0.9378941059112549 694.0 1136.0 27863.0 755.0
0.955078125 0.9411455392837524 651.0 994.0 28005.0 798.0
0.95703125 0.9382225275039673 663.0 1095.0 27904.0 786.0
0.943359375 0.9406529068946838 624.0 982.0 28017.0 825.0
0.943359375 0.9363833665847778 666.0 1154.0 27845.0 783.0
0.93359375 0.9412769079208374 695.0 1034.0 27965.0 754.0
0.953125 0.9420651793479919 636.0 951.0 28048.0 813.0
0.947265625 0.9376970529556274 634.0 1082.0 27917.0 815.0
0.96484375 0.9421308636665344 606.0 919.0 28080.0 843.0
0.947265625 0.9432803392410278 650.0 928.0 28071.0 799.0
0.958984375 0.9436416029930115 623.0 890.0 28109.0 826.0
0.935546875 0.9393720626831055 683.0 1080.0 27919.0 766.0
0.943359375 0.937368631362915 660.0 1118.0 27881.0 789.0
0.955078125 0.94107985496521 656.0 1001.0 27998.0 793.0
0.96484375 0.9392735362052917 688.0 1088.0 27911.0 761.0
0.955078125 0.9385181069374084 686.0 1109.0 27890.0 763.0
0.939453125 0.9411783814430237 608.0 950.0 28049.0 841.0
0.95703125 0.946334719657898 618.0 803.0 28196.0 831.0
0.96484375 0.9412769079208374 663.0 1002.0 27997.0 786.0
0.94921875 0.9423607587814331 653.0 959.0 28040.0 796.0
0.9609375 0.9408499598503113 722.0 1074.0 27925.0 727.0
0.953125 0.9440357089042664 674.0 929.0 28070.0 775.0
0.92578125 0.944265604019165 697.0 945.0 28054.0 752.0
0.951171875 0.9436416029930115 677.0 944.0 28055.0 772.0
0.947265625 0.9455136656761169 655.0 865.0 28134.0 794.0
0.94921875 0.9428205490112305 666.0 958.0 28041.0 783.0
0.943359375 0.9420980215072632 694.0 1008.0 27991.0 755.0
0.935546875 0.9387808442115784 701.0 1116.0 27883.0 748.0
0.95703125 0.9432803392410278 675.0 953.0 28046.0 774.0
0.96875 0.9403244853019714 673.0 1041.0 27958.0 776.0
0.947265625 0.9432146549224854 677.0 957.0 28042.0 772.0
0.94140625 0.9449553489685059 659.0 886.0 28113.0 790.0
0.95703125 0.9392406940460205 710.0 1111.0 27888.0 739.0
0.958984375 0.9417695999145508 691.0 1015.0 27984.0 758.0
0.9453125 0.9437729716300964 711.0 974.0 28025.0 738.0
0.958984375 0.9422293901443481 651.0 961.0 28038.0 798.0
0.9453125 0.9440685510635376 661.0 915.0 28084.0 788.0
0.96484375 0.9457107186317444 644.0 848.0 28151.0 805.0
